0	0	0	0	0	0	0	0	0	0	0	71.8779	0	7.12033	0	0	0	0	0	0	0	0	0	0	0	0	0	0	710
0	0	0	0	0	0	0	0	0	0	0	153.869	0	9.62474	0	0	0	0	0	0	0	0	0	0	0	0	0	0	810
0	0	0	0	0	0	0	0	0	0	0	48.6936	0	0	0	0	0	0	0	0	0	0	0	0	0	0	0	0	750
0	0	0	0	0	0	0	0	0	0	0	0	0	0	0	0	0	0	0	0	0	0	0	0	0	0	0	0	700
0	0	0	0	0	0	0	0	1.13954	0	6.35226	0	0	0	0	0	0	0	0	0	0	0	0	0	0	0	0	0	635
0	0	0	0	0	0	0	0	0	0	0	48.2587	0	0	0	0	0	0	0	0	0	0	0	0	0	0	0	0	625
0	0	8.46082	0	0	0	0	0	0	0	0	256.687	0	147.763	0	0	0	0	0	0	0	0	0	0	0	0	0	0	750
0	0	13.4973	0	0	0	0	0	0	0	0	265.592	0	153.9	0	0	0	0	0	0	0	0	0	0	0	0	0	0	785
0	0	40.9106	0	0	0	0	0	0	0	0	315.919	0	146.064	0	0	0	0	0	0	0	0	0	0	0	0	0	0	845
0	0	26.5558	0	0	0	0	0	0	0	0	248.879	0	147.567	0	0	0	0	0	0	0	0	0	0	0	0	0	0	580
0	0	34.1293	0	0	0	0	0	0	0	0	290.261	0	176.361	0	0	0	0	0	0	0	0	0	0	0	0	0	0	670
0	0	0	0	0	0	0	0	0	0	0	131.228	0	29.9785	0	0	0	101.79	0	0	0	0	0	0	0	0	0	0	795
0	0	96.2908	0	0	0	0	0	0	0	0	678.497	0	375.29	0	0	0	0	0	0	0	0	0	0	0	0	0	0	850
0	0	129.559	0	0	0	0	0	0	0	0	893.544	0	420.888	0	0	0	0	0	0	0	0	0	0	0	0	0	0	620
0	0	78.1646	0	3.17692	0.257344	5.14006	0	2.9746	12.051	0	541.278	0	313.112	0	0	0	17.2158	0	0	0	0	0	112.19	0	0	0	5.40431	710
0	0	78.8238	0	0	0	0	0	0	0	0	658.843	0	389.801	0	0	0	0	0	0	0	0	0	0	0	0	0	0	760
0	0	39.7952	0	0	0	0	0	0	0	0	553.967	0	250.638	0	0	0	0	0	0	0	0	0	26.49	0.388742	0	0	0	730
0	0	72.8983	0	0	0	0	0	0	0	0	698.896	0	342.309	0	0	0	0	0	0	0	0	0	0	0	0	0	0	680
4.13458	4.13458	275.827	9.60376	0	5.26794	0	0	0	0	0	1908.96	23.8866	934.303	0	0	0	0	0	0	0	0	0	0	0	0	0	0	720
0.236127	0.236127	269.679	0	8.05102	0	0	0	0	0	7.97103	2054.73	31.1427	1002.3	0	4.88517	0	0	0	0	0	0	0	0	0	0	0	0	730
0	0	339.078	0	0	0	0	0	16.6259	0	0	2071.09	22.3981	991.044	0	0	0	0	0	0	0	0	0	0	0	0	0	0	890
0	0	338.225	0	0	0	0	0	8.89312	0	0	2291.75	0	1187.68	0	0	0	0	0	0	0	0	0	0	0	0	0	0	690
0	0	422.689	0	0	0	0	0	0	0	0	2823.7	11.2679	1271.99	0	0	0	0	0	0	0	0	0	0	0	0	0	0	570
90.3476	90.3476	1470.99	91.4533	105.937	86.3474	163.77	53.1043	113.732	81.746	219.559	7788.21	151.786	3162.99	75.386	52.5893	42.5775	148.872	60.9973	117.068	288.743	247.201	106.699	45.7577	224.476	0	79.8508	50.1168	790
34.3046	34.3046	896.697	33.7759	45.454	25.9653	10.1337	11.0598	36.2042	28.057	140.213	6897.19	138.705	2886.28	0	31.7892	10.1561	147.61	62.2973	79.0741	63.3255	64.067	51.6273	0	82.6584	84.8598	77.5913	31.3153	1680
6.82823	6.82823	917.699	50.4953	61.1415	28.745	19.0605	28.1394	44.5933	17.7836	86.7663	6052.8	103.678	2458.49	0	34.3715	24.5707	77.8784	56.0661	69.0332	35.6457	32.428	124.517	14.0451	226.228	237.632	87.4707	24.2148	1750
20.0272	20.0272	868.517	50.0193	51.2041	39.5622	64.1271	23.5164	66.9478	68.519	97.3866	5307.58	93.629	2246.54	18.9125	38.0131	19.1312	79.3966	60.6218	60.5351	84.6437	111.209	6.80064	90.8036	19.4784	36.6591	60.2488	107.227	1380
38.8771	38.8771	689.293	41.9054	35.7115	7.24017	22.8016	21.4975	41.7574	17.2626	60.192	4846.44	116.579	2103.7	0	33.8474	14.215	94.9833	43.2012	38.8157	31.6548	35.8238	96.4565	75.406	222.542	94.3162	96.0559	36.5863	1130
24.6769	24.6769	829.409	52.5299	55.8511	20.2441	26.7364	25.27	48.4397	27.4879	101.966	5971.48	118.991	2311.8	14.3194	17.3714	22.6764	78.0834	64.2916	67.9603	290.94	247.465	149.096	76.4916	267.053	222.125	127.694	32.9004	1210
14.7437	14.7437	875.941	25.2166	59.9331	12.8209	32.1533	10.3035	32.4559	20.9957	58.6391	6112.89	137.3	2539.1	0	23.4103	9.53315	82.6393	57.0069	52.0064	0	0	57.0754	48.7663	82.6891	17.9671	35.6344	5.89509	1445
62.1554	62.1554	1916.83	122.215	141.408	86.5404	217.834	82.8755	181.923	98.4707	291.751	13185.1	254.754	4852.55	217.495	109.498	82.359	254.292	152.158	226.809	280.122	268.106	116.287	199.181	256.453	205.249	244.38	329.86	1860
112.028	112.028	1095.66	59.8849	60.9393	40.7529	58.4753	38.8834	51.6573	40.2449	119.148	7093.46	97.8171	2637.6	25.1029	36.6231	20.4859	105.285	73.4807	79.3103	61.1236	86.4664	19.2838	33.087	81.7453	58.9573	111.499	70.6544	1400
79.0134	79.0134	1315.69	69.2262	66.4239	27.9493	101.174	71.8772	79.8093	34.5505	152.04	8944.13	224.362	3328.02	16.6055	51.8801	36.923	117.54	72.5299	151.188	53.63	42.1188	74.569	54.0117	127.816	81.7493	92.3351	33.6506	1800
25.3527	25.3527	1292.1	83.5398	76.7312	36.0838	66.653	40.403	82.9119	36.7141	144.168	8164.19	149.198	3504.29	32.9417	54.7247	13.6131	116.757	87.5121	113.402	173.315	155.035	29.216	77.7354	53.6333	110.568	142.285	58.889	2250
67.2533	67.2533	928.718	59.9468	47.353	22.6073	52.4953	48.3016	45.9224	22.4756	74.6848	6243.43	78.4869	2553.57	11.0321	29.0757	38.8059	84.2913	50.8887	71.7126	67.9945	74.3572	89.6163	90.756	188.779	84.7471	88.7457	62.3169	1860
65.3563	65.3563	1307.7	77.4347	111.176	79.9877	127.569	58.2977	105.747	54.9643	183.747	9495.15	188.542	3713.9	98.2771	54.272	23.9549	142.466	162.096	153.097	229.246	225.082	180.062	206.605	373.432	367.327	176.159	88.1034	1980
112.985	112.985	1068.1	70.0349	55.375	34.3309	88.7374	39.8487	56.1555	39.4849	115.752	6903	106.551	2684.62	12.5694	44.2614	24.7566	113.777	69.6549	88.4362	105.319	160.708	126.796	114.058	217.556	135.337	120.959	44.7034	1700
87.2469	87.2469	1828.58	113.797	133.639	106.951	157.409	85.606	136.755	114.165	298.652	11844.4	215.236	4114.44	240.743	106.366	74.1097	184.982	124.902	142.412	433.837	388.844	218.787	146.972	365.461	516.105	333.365	202.402	2200
117.443	117.443	1582.7	104.922	129.427	75.6013	174.152	84.9637	113.325	81.0778	229.65	11023.5	240.812	3925.57	145.707	78.2266	54.4125	194.266	121.109	145.808	341.214	317.473	133.413	227.583	214.804	514.675	256.495	112.971	1860
116.532	116.532	1420.23	93.7247	111.539	92.7446	179.424	75.8204	118.282	67.6039	212.772	10426.9	146.342	3153.43	218.496	65.1212	66.5209	177.027	148.446	156.884	454.006	430.655	98.2614	205.576	165.053	394.951	178.132	182.821	2100
102.274	102.274	1679.3	112.921	128.85	89.6307	208.558	99.7785	160.238	102.05	278.829	13417.9	199.423	4300.02	380.076	115.43	64.341	206.521	171.372	216.067	300.013	292.587	151.23	268.93	291.758	606.708	305.947	221.666	2200
83.5915	83.5915	1754.92	130.952	121.77	97.4686	171.722	86.9391	104.452	68.322	255.218	11960.6	232.462	4123.1	218.936	115.144	71.0472	201.763	132.713	218.415	233.389	232.564	73.5588	189.432	127.775	577.922	224.937	176.578	2200
0	0	0	0	0	0	0	0	0	0	0	0	0	0	0	0	0	0	0	0	0	0	0	0	0	0	0	0	730
0	0	0	0	0	0	0	0	0	0	0	0	0	0	0	0	0	0	0	0	0	0	0	0	0	0	0	0	880
0	0	0	0	0	0	0	0	0	0	0	0	0	0	0	0	0	0	0	0	0	0	0	0	0	0	0	0	910
0	0	0	0	0	0	0	0	0	0	0	0	0	0	0	0	0	0	0	0	0	0	0	0	0	0	0	0	710
0	0	0	0	0	0	0	0	0	0	0	0	0	0	0	0	0	0	0	0	0	0	0	0	0	0	3.39681	4.68505	685
0	0	0	0	0	0	0	0	0	0	0	0	0	0	0	0	0	0	0	0	0	0	0	0	0	0	0	0	735
0	0	0	0	0	0	0	0	2.14687	0	0	0	0	0	0	0	0	0	0	0	0	0	0	0	0	0	0	0	2000
0	0	6.96057	0	47.7278	3.98342	127.512	0	19.9882	70.3526	64.5596	0	0	0	0	33.0619	0	0	0	0	0	0	0	0	0	0	0	7.56208	2750
0	0	0	0	0	0.588435	0	0	0	22.8383	0	0	0	0	0	0	0	104.339	0	0	0	0	0	0	0	0	0	1.66207	2750
0	0	0	0	0	0	0	0	0	4.79339	0	0	0	0	0	0	0	0	0	0	0	0	0	0	0	0	4.54368	20.9529	2600
0	0	0	0	0	0	0	0	0	0	0	0	0	0	0	0	0	0	0	0	0	0	0	0	0	0	0	0	2481
0	0	0	0	0	0	0	0	0	0	6.6613	0	0	0	0	0	0	0	0	0	0	0	0	0	0	0	0	0	2970
